Vertex Count: 36

Data:

-1 1 -1 0.001992 0.00199199 0 0 -1
1 -1 -1 0.998008 0.998008 0 0 -1
-1 -1 -1 0.001992 0.998008 0 0 -1
1 1 -1 0.998008 0.00199199 0 0 -1
1 -1 -1 0.998008 0.998008 0 0 -1
-1 1 -1 0.001992 0.00199199 0 0 -1
-1 1 1 0.001992 0.00199199 0 1 -0
1 1 -1 0.998008 0.998008 0 1 -0
-1 1 -1 0.001992 0.998008 0 1 -0
1 1 1 0.998008 0.00199199 0 1 -0
1 1 -1 0.998008 0.998008 0 1 -0
-1 1 1 0.001992 0.00199199 0 1 -0
-1 -1 1 0.998008 0.998008 0 0 1
1 1 1 0.001992 0.00199199 0 0 1
-1 1 1 0.998008 0.00199199 0 0 1
1 -1 1 0.001992 0.998008 0 0 1
1 1 1 0.001992 0.00199199 0 0 1
-1 -1 1 0.998008 0.998008 0 0 1
-1 -1 -1 0.001992 0.00199199 0 -1 -0
1 -1 1 0.998008 0.998008 0 -1 -0
-1 -1 1 0.001992 0.998008 0 -1 -0
1 -1 -1 0.998008 0.00199199 0 -1 -0
1 -1 1 0.998008 0.998008 0 -1 -0
-1 -1 -1 0.001992 0.00199199 0 -1 -0
1 1 -1 0.001992 0.00199199 1 0 -0
1 -1 1 0.998008 0.998008 1 0 -0
1 -1 -1 0.001992 0.998008 1 0 -0
1 1 1 0.998008 0.00199199 1 0 -0
1 -1 1 0.998008 0.998008 1 0 -0
1 1 -1 0.001992 0.00199199 1 0 -0
-1 1 1 0.001992 0.00199199 -1 0 -0
-1 -1 -1 0.998008 0.998008 -1 0 -0
-1 -1 1 0.001992 0.998008 -1 0 -0
-1 1 -1 0.998008 0.00199199 -1 0 -0
-1 -1 -1 0.998008 0.998008 -1 0 -0
-1 1 1 0.001992 0.00199199 -1 0 -0
